50,69
50,68
50,67
0,562
39,8
0,561
0,560
0,559
0,558
0,557
0,556
0,555
0,554
0,553
0,552
0,551
0,550
0,549
0,548
0,547
0,546
40,11
0,545
0,544
0,543
0,542
0,541
40,10
40,9
39,7
39,6
0,540
0,539
0,538
38,74
0,537
0,536
0,535
38,73
0,534
0,533
0,532
0,531
38,72
38,71
38,70
0,530
0,529
38,69
0,528
50,66
50,65
50,64
50,36
50,35
50,34
50,33
50,32
50,31
50,30
50,29
50,28
50,27
50,26
50,25
50,24
50,23
0,527
50,22
50,21
50,20
50,19
50,18
50,17
50,16
50,15
50,14
50,13
50,12
50,11
50,10
50,9
50,8
50,7
0,526
0,525
0,524
0,523
0,522
0,521
50,6
50,5
52,7
52,6
52,5
52,4
52,3
52,2
52,1
52,0
51,5
51,4
51,3
51,2
51,1
51,0
50,4
50,3
50,2
50,1
50,0
49,4
49,3
49,2
49,1
49,0
48,8
48,7
48,6
48,5
48,4
48,3
48,2
48,1
48,0
14,6
47,5
47,4
47,3
47,2
47,1
47,0
46,4
46,3
46,2
46,1
46,0
45,5
45,4
45,3
45,2
45,1
45,0
0,520
0,519
44,5
44,4
44,3
44,2
44,1
44,0
43,5
43,4
43,3
43,2
0,518
43,1
43,0
0,517
42,5
42,4
42,3
42,2
0,516
42,1
42,0
0,515
41,6
41,5
41,4
41,3
41,2
41,1
41,0
0,514
0,513
38,68
0,512
38,67
40,8
0,511
0,510
0,509
0,508
